MODEL,DATE,Basin_Subb,Basin_Numb,Basin_Name,Basin_Su_1,ET_MEAN,ET_MEDIAN,ET_PCT25,ET_PCT75,ET_STDDEV,PIXEL_COUNT
GEESEBAL,2015-02-01,4-005,4-005,ACTON VALLEY,ACTON VALLEY,7.1572,7.0,5.0,8.0,3.4277,668
GEESEBAL,2015-02-01,6-010,6-010,ADOBE LAKE VALLEY,ADOBE LAKE VALLEY,,,,,,0
GEESEBAL,2015-02-01,1-054.01,1-054,ALEXANDER VALLEY,ALEXANDER VALLEY - ALEXANDER AREA,20.8555,21.0,18.0,24.0,5.2185,39738
GEESEBAL,2015-02-01,1-054.02,1-054,ALEXANDER VALLEY,ALEXANDER VALLEY - CLOVERDALE AREA,22.0238,22.0,19.0,25.0,5.1129,9502
GEESEBAL,2015-02-01,5-002.01,5-002,ALTURAS AREA,ALTURAS AREA - SOUTH FORK PITT RIVER,23.5887,23.0,17.0,30.0,9.653,159794
GEESEBAL,2015-02-01,5-002.02,5-002,ALTURAS AREA,ALTURAS AREA - WARM SPRINGS VALLEY,26.3306,26.0,17.0,35.0,10.8556,74328
GEESEBAL,2015-02-01,5-010,5-010,AMERICAN VALLEY,AMERICAN VALLEY,38.2096,39.0,34.0,43.0,7.7565,9746
GEESEBAL,2015-02-01,7-016,7-016,AMES VALLEY,AMES VALLEY,,,,,,0
GEESEBAL,2015-02-01,7-034,7-034,AMOS VALLEY,AMOS VALLEY,,,,,,0
GEESEBAL,2015-02-01,1-019,1-019,ANDERSON VALLEY,ANDERSON VALLEY,19.8925,20.0,17.0,24.0,5.8988,5980
GEESEBAL,2015-02-01,1-049,1-049,ANNAPOLIS OHLSON RANCH FORMATION HIGHLANDS,ANNAPOLIS OHLSON RANCH FORMATION HIGHLANDS,18.3672,18.0,13.0,24.0,7.6875,2353
GEESEBAL,2015-02-01,5-091,5-091,ANTELOPE CREEK,ANTELOPE CREEK,14.4698,14.0,10.0,18.0,6.4479,1605
GEESEBAL,2015-02-01,6-044,6-044,ANTELOPE VALLEY,ANTELOPE VALLEY,26.2736,24.0,14.0,38.0,14.9405,137884
GEESEBAL,2015-02-01,6-007,6-007,ANTELOPE VALLEY,ANTELOPE VALLEY,15.4058,14.0,9.0,21.0,8.4393,48489
GEESEBAL,2015-02-01,3-034,3-034,ARROYO DE LA CRUZ VALLEY,ARROYO DE LA CRUZ VALLEY,30.9628,32.0,27.0,36.0,8.037,538
GEESEBAL,2015-02-01,2-031,2-031,ARROYO DEL HAMBRE VALLEY,ARROYO DEL HAMBRE VALLEY,,,,,,0
GEESEBAL,2015-02-01,4-007,4-007,ARROYO SANTA ROSA VALLEY,ARROYO SANTA ROSA VALLEY,37.1534,37.0,28.0,48.0,14.4531,7870
GEESEBAL,2015-02-01,7-037,7-037,ARROYO SECO VALLEY,ARROYO SECO VALLEY,,,,,,0
GEESEBAL,2015-02-01,5-054,5-054,ASH VALLEY,ASH VALLEY,35.3401,36.0,29.0,42.0,8.8703,12106
GEESEBAL,2015-02-01,6-026,6-026,AVAWATZ VALLEY,AVAWATZ VALLEY,,,,,,0
GEESEBAL,2015-02-01,3-020,3-020,A�O NUEVO AREA,A�O NUEVO AREA,35.3522,35.0,28.0,42.0,10.3667,1877
GEESEBAL,2015-02-01,9-022,9-022,BATIQUITOS LAGOON VALLEY,BATIQUITOS LAGOON VALLEY,54.9887,56.0,52.0,59.0,5.2629,620
GEESEBAL,2015-02-01,8-009,8-009,BEAR VALLEY,BEAR VALLEY,29.3653,28.0,26.0,32.0,5.1723,219
GEESEBAL,2015-02-01,5-064,5-064,BEAR VALLEY,BEAR VALLEY,16.7118,16.0,14.0,20.0,3.4705,510
GEESEBAL,2015-02-01,5-020,5-020,BERRYESSA VALLEY,BERRYESSA VALLEY,,,,,,0
GEESEBAL,2015-02-01,7-015,7-015,BESSEMER VALLEY,BESSEMER VALLEY,,,,,,0
GEESEBAL,2015-02-01,6-025,6-025,BICYCLE VALLEY,BICYCLE VALLEY,,,,,,0
GEESEBAL,2015-02-01,1-027,1-027,BIG LAGOON AREA,BIG LAGOON AREA,18.3077,21.0,16.0,23.0,7.8124,39
GEESEBAL,2015-02-01,8-007,8-007,BIG MEADOWS VALLEY,BIG MEADOWS VALLEY,,,,,,0
GEESEBAL,2015-02-01,1-045,1-045,BIG RIVER VALLEY,BIG RIVER VALLEY,,,,,,0
GEESEBAL,2015-02-01,3-047,3-047,BIG SPRING AREA,BIG SPRING AREA,21.146,21.0,18.0,25.0,6.0111,918
GEESEBAL,2015-02-01,5-015,5-015,BIG VALLEY,BIG VALLEY,15.4005,15.0,13.0,18.0,4.1627,41035
GEESEBAL,2015-02-01,5-004,5-004,BIG VALLEY,BIG VALLEY,31.8774,31.0,26.0,38.0,8.5046,163109
GEESEBAL,2015-02-01,3-030,3-030,BITTER WATER VALLEY,BITTER WATER VALLEY,25.3105,25.0,19.0,32.0,8.0969,7575
GEESEBAL,2015-02-01,6-013,6-013,BLACK SPRINGS VALLEY,BLACK SPRINGS VALLEY,,,,,,0
GEESEBAL,2015-02-01,5-092,5-092,BLANCHARD VALLEY,BLANCHARD VALLEY,18.1319,16.0,13.0,21.0,6.4885,1130
GEESEBAL,2015-02-01,1-057,1-057,BODEGA BAY AREA,BODEGA BAY AREA,8.6494,9.0,7.0,11.0,3.1572,154
GEESEBAL,2015-02-01,7-024.01,7-024,BORREGO VALLEY,BORREGO VALLEY - BORREGO SPRINGS,30.2624,34.0,14.0,45.0,18.0338,17397
GEESEBAL,2015-02-01,7-024.02,7-024,BORREGO VALLEY,BORREGO VALLEY - OCOTILLO WELLS,34.0833,33.5,28.5,41.5,6.8247,12
GEESEBAL,2015-02-01,1-039,1-039,BRANSCOMB TOWN AREA,BRANSCOMB TOWN AREA,,,,,,0
GEESEBAL,2015-02-01,1-017,1-017,BRAY TOWN AREA,BRAY TOWN AREA,29.3936,29.0,24.0,35.0,7.3609,4250
GEESEBAL,2015-02-01,6-008,6-008,BRIDGEPORT VALLEY,BRIDGEPORT VALLEY,14.6677,13.0,6.0,22.0,10.9129,74902
GEESEBAL,2015-02-01,7-008,7-008,BRISTOL VALLEY,BRISTOL VALLEY,9.2822,5.0,0.0,10.0,13.2102,7963
GEESEBAL,2015-02-01,5-080,5-080,BRITE VALLEY,BRITE VALLEY,7.2002,7.0,5.0,10.0,3.3371,1324
GEESEBAL,2015-02-01,6-032,6-032,BROADWELL VALLEY,BROADWELL VALLEY,,,,,,0
GEESEBAL,2015-02-01,6-076,6-076,BROWN MOUNTAIN VALLEY,BROWN MOUNTAIN VALLEY,,,,,,0
GEESEBAL,2015-02-01,7-054,7-054,BUCK RIDGE FAULT VALLEY,BUCK RIDGE FAULT VALLEY,,,,,,0
GEESEBAL,2015-02-01,6-101,6-101,BULL FLAT,BULL FLAT,13.6042,14.0,10.0,17.5,4.7904,48
GEESEBAL,2015-02-01,5-048,5-048,BURNEY CREEK VALLEY,BURNEY CREEK VALLEY,29.8895,30.0,26.0,33.0,5.2894,6852
GEESEBAL,2015-02-01,5-017,5-017,BURNS VALLEY,BURNS VALLEY,15.9792,17.0,7.0,25.0,9.8581,1734
GEESEBAL,2015-02-01,5-051,5-051,BUTTE CREEK VALLEY,BUTTE CREEK VALLEY,,,,,,0
GEESEBAL,2015-02-01,1-003,1-003,BUTTE VALLEY,BUTTE VALLEY,15.9436,17.0,9.0,23.0,9.1161,149442
GEESEBAL,2015-02-01,6-081,6-081,BUTTE VALLEY,BUTTE VALLEY,,,,,,0
GEESEBAL,2015-02-01,6-070,6-070,CACTUS FLAT,CACTUS FLAT,,,,,,0
GEESEBAL,2015-02-01,7-007,7-007,CADIZ VALLEY,CADIZ VALLEY,,,,,,0
GEESEBAL,2015-02-01,6-090,6-090,CADY FAULT AREA,CADY FAULT AREA,,,,,,0
GEESEBAL,2015-02-01,9-006,9-006,CAHUILLA VALLEY,CAHUILLA VALLEY,14.9117,15.0,11.0,18.0,4.9324,6250
GEESEBAL,2015-02-01,6-079,6-079,CALIFORNIA VALLEY,CALIFORNIA VALLEY,,,,,,0
GEESEBAL,2015-02-01,7-041,7-041,CALZONA VALLEY,CALZONA VALLEY,,,,,,0
GEESEBAL,2015-02-01,6-061,6-061,CAMEO AREA,CAMEO AREA,,,,,,0
GEESEBAL,2015-02-01,9-028,9-028,CAMPO VALLEY,CAMPO VALLEY,17.4365,16.0,14.0,20.0,4.7718,126
GEESEBAL,2015-02-01,7-046,7-046,CANEBRAKE VALLEY,CANEBRAKE VALLEY,,,,,,0
GEESEBAL,2015-02-01,3-007,3-007,CARMEL VALLEY,CARMEL VALLEY,16.078,15.0,7.0,23.0,10.7264,1282
GEESEBAL,2015-02-01,3-018,3-018,CARPINTERIA,CARPINTERIA,47.8408,50.0,40.0,57.0,13.192,12988
GEESEBAL,2015-02-01,3-019,3-019,CARRIZO PLAIN,CARRIZO PLAIN,13.5604,13.0,8.0,19.0,6.5322,22739
GEESEBAL,2015-02-01,6-006,6-006,CARSON VALLEY,CARSON VALLEY,6.0007,4.0,2.0,8.0,6.0665,10516
GEESEBAL,2015-02-01,5-029,5-029,CASTAC LAKE VALLEY,CASTAC LAKE VALLEY,6.3664,5.0,3.0,8.0,5.0679,846
GEESEBAL,2015-02-01,2-008,2-008,CASTRO VALLEY,CASTRO VALLEY,,,,,,0
GEESEBAL,2015-02-01,6-038,6-038,CAVES CANYON VALLEY,CAVES CANYON VALLEY,,,,,,0
GEESEBAL,2015-02-01,5-045,5-045,CAYTON VALLEY,CAYTON VALLEY,24.9388,25.0,21.0,29.0,5.35,4250
GEESEBAL,2015-02-01,3-038,3-038,CAYUCOS VALLEY,CAYUCOS VALLEY,,,,,,0
GEESEBAL,2015-02-01,7-043,7-043,CHEMEHUEVI VALLEY,CHEMEHUEVI VALLEY,,,,,,0
GEESEBAL,2015-02-01,7-032,7-032,CHOCOLATE VALLEY,CHOCOLATE VALLEY,9.2388,8.0,5.0,11.0,5.665,67
GEESEBAL,2015-02-01,3-005,3-005,CHOLAME VALLEY,CHOLAME VALLEY,38.0614,40.0,29.0,48.0,13.5109,17718
GEESEBAL,2015-02-01,3-042,3-042,CHORRO VALLEY,CHORRO VALLEY,32.3961,32.0,26.0,40.0,9.6308,1295
GEESEBAL,2015-02-01,5-061,5-061,CHROME TOWN AREA,CHROME TOWN AREA,10.0724,11.0,9.0,12.0,3.0739,511
GEESEBAL,2015-02-01,7-005,7-005,CHUCKWALLA VALLEY,CHUCKWALLA VALLEY,38.9874,38.0,26.0,51.0,14.6008,4604
GEESEBAL,2015-02-01,2-005,2-005,CLAYTON VALLEY,CLAYTON VALLEY,38.0567,40.0,36.0,44.0,8.7423,652
GEESEBAL,2015-02-01,5-066,5-066,CLEAR LAKE CACHE FORMATION,CLEAR LAKE CACHE FORMATION,16.0394,16.0,8.0,24.0,9.6405,940
GEESEBAL,2015-02-01,5-058,5-058,CLOVER VALLEY,CLOVER VALLEY,20.3356,19.0,14.0,28.0,8.6075,1606
GEESEBAL,2015-02-01,7-021.03,7-021,COACHELLA VALLEY,COACHELLA VALLEY - DESERT HOT SPRINGS,32.3708,35.0,20.0,45.0,16.7442,2713
GEESEBAL,2015-02-01,7-021.01,7-021,COACHELLA VALLEY,COACHELLA VALLEY - INDIO,42.3386,45.0,31.0,55.0,16.3937,293745
GEESEBAL,2015-02-01,7-021.02,7-021,COACHELLA VALLEY,COACHELLA VALLEY - MISSION CREEK,31.6984,34.0,23.0,42.0,13.1325,978
GEESEBAL,2015-02-01,7-021.04,7-021,COACHELLA VALLEY,COACHELLA VALLEY - SAN GORGONIO PASS,40.5758,43.0,39.0,46.0,9.0357,356
GEESEBAL,2015-02-01,4-011.04,4-011,COASTAL PLAIN OF LOS ANGELES,COASTAL PLAIN OF LOS ANGELES - CENTRAL,43.0926,44.0,38.0,48.0,7.5425,7005
GEESEBAL,2015-02-01,4-011.02,4-011,COASTAL PLAIN OF LOS ANGELES,COASTAL PLAIN OF LOS ANGELES - HOLLYWOOD,52.6997,54.0,49.0,58.0,7.8814,323
GEESEBAL,2015-02-01,4-011.01,4-011,COASTAL PLAIN OF LOS ANGELES,COASTAL PLAIN OF LOS ANGELES - SANTA MONICA,55.7183,58.0,52.0,63.0,10.043,4186
GEESEBAL,2015-02-01,4-011.03,4-011,COASTAL PLAIN OF LOS ANGELES,COASTAL PLAIN OF LOS ANGELES - WEST COAST,43.4524,41.0,36.0,50.0,10.8389,4058
GEESEBAL,2015-02-01,8-001,8-001,COASTAL PLAIN OF ORANGE COUNTY,COASTAL PLAIN OF ORANGE COUNTY,35.0856,36.0,28.0,43.0,10.56,23946
GEESEBAL,2015-02-01,9-033,9-033,COASTAL PLAIN OF SAN DIEGO,COASTAL PLAIN OF SAN DIEGO,56.0185,58.0,51.0,61.0,11.1992,3507
GEESEBAL,2015-02-01,6-072,6-072,COLES FLAT,COLES FLAT,,,,,,0
GEESEBAL,2015-02-01,5-019,5-019,COLLAYOMI VALLEY,COLLAYOMI VALLEY,7.7235,7.0,3.0,11.0,5.7086,3845
GEESEBAL,2015-02-01,7-055,7-055,COLLINS VALLEY,COLLINS VALLEY,,,,,,0
GEESEBAL,2015-02-01,4-010,4-010,CONEJO,CONEJO,34.9197,35.0,29.0,42.0,8.3243,498
GEESEBAL,2015-02-01,7-011,7-011,COPPER MOUNTAIN VALLEY,COPPER MOUNTAIN VALLEY,,,,,,0
GEESEBAL,2015-02-01,3-002.01,3-002,CORRALITOS,CORRALITOS - PAJARO VALLEY,30.3826,30.0,23.0,38.0,11.1788,109206
GEESEBAL,2015-02-01,3-002.02,3-002,CORRALITOS,CORRALITOS - PURISIMA HIGHLANDS,23.8615,25.0,14.0,32.0,12.3124,462
GEESEBAL,2015-02-01,6-055,6-055,COSO VALLEY,COSO VALLEY,,,,,,0
GEESEBAL,2015-02-01,1-037,1-037,COTTONEVA CREEK VALLEY,COTTONEVA CREEK VALLEY,,,,,,0
GEESEBAL,2015-02-01,9-027,9-027,COTTONWOOD VALLEY,COTTONWOOD VALLEY,13.4714,11.0,11.0,14.0,4.8748,70
GEESEBAL,2015-02-01,1-011,1-011,COVELO ROUND VALLEY,COVELO ROUND VALLEY,28.4554,29.0,26.0,31.0,3.7034,36576
GEESEBAL,2015-02-01,6-091,6-091,COW HEAD LAKE VALLEY,COW HEAD LAKE VALLEY,16.9672,16.0,13.0,20.0,5.927,15639
GEESEBAL,2015-02-01,6-037,6-037,COYOTE LAKE VALLEY,COYOTE LAKE VALLEY,26.5864,23.0,21.0,26.0,9.7777,972
GEESEBAL,2015-02-01,5-018,5-018,COYOTE VALLEY,COYOTE VALLEY,10.8551,10.0,6.0,15.0,6.3521,6534
GEESEBAL,2015-02-01,7-029,7-029,COYOTE WELLS VALLEY,COYOTE WELLS VALLEY,24.55,25.0,23.5,25.0,2.3553,80
GEESEBAL,2015-02-01,6-035,6-035,CRONISE VALLEY,CRONISE VALLEY,,,,,,0
GEESEBAL,2015-02-01,6-050,6-050,CUDDEBACK VALLEY,CUDDEBACK VALLEY,,,,,,0
GEESEBAL,2015-02-01,5-082,5-082,CUDDY CANYON VALLEY,CUDDY CANYON VALLEY,,,,,,0
GEESEBAL,2015-02-01,5-083,5-083,CUDDY RANCH AREA,CUDDY RANCH AREA,,,,,,0
GEESEBAL,2015-02-01,5-084,5-084,CUDDY VALLEY,CUDDY VALLEY,7.1875,7.0,7.0,7.0,0.3903,16
GEESEBAL,2015-02-01,5-027,5-027,CUMMINGS VALLEY,CUMMINGS VALLEY,11.5223,11.0,7.0,15.0,7.9018,11425
GEESEBAL,2015-02-01,3-013,3-013,CUYAMA VALLEY,CUYAMA VALLEY,3.5397,0.0,0.0,1.0,8.7589,153773
GEESEBAL,2015-02-01,7-009,7-009,DALE VALLEY,DALE VALLEY,21.1842,21.0,18.0,24.0,4.2231,152
GEESEBAL,2015-02-01,6-057,6-057,DARWIN VALLEY,DARWIN VALLEY,,,,,,0
GEESEBAL,2015-02-01,7-061,7-061,DAVIES VALLEY,DAVIES VALLEY,,,,,,0
GEESEBAL,2015-02-01,7-013.01,7-013,DEADMAN VALLEY,DEADMAN VALLEY - DEADMAN LAKE,,,,,,0
GEESEBAL,2015-02-01,7-013.02,7-013,DEADMAN VALLEY,DEADMAN VALLEY - SURPRISE SPRING,,,,,,0
GEESEBAL,2015-02-01,6-018,6-018,DEATH VALLEY,DEATH VALLEY,49.7222,49.0,48.0,52.0,3.913,18
GEESEBAL,2015-02-01,6-015,6-015,DEEP SPRINGS VALLEY,DEEP SPRINGS VALLEY,15.3543,14.0,12.0,19.0,5.0813,635
GEESEBAL,2015-02-01,6-078,6-078,DENNING SPRING VALLEY,DENNING SPRING VALLEY,,,,,,0
GEESEBAL,2015-02-01,1-034,1-034,DINSMORES TOWN AREA,DINSMORES TOWN AREA,12.4651,11.0,10.0,16.0,3.5657,86
GEESEBAL,2015-02-01,5-053,5-053,DIXIE VALLEY,DIXIE VALLEY,20.9617,18.0,15.0,27.0,8.3938,11449
GEESEBAL,2015-02-01,2-040,2-040,DOWNTOWN,DOWNTOWN,,,,,,0
GEESEBAL,2015-02-01,5-049,5-049,DRY BURNEY CREEK VALLEY,DRY BURNEY CREEK VALLEY,,,,,,0
GEESEBAL,2015-02-01,3-029,3-029,DRY LAKE VALLEY,DRY LAKE VALLEY,35.7667,36.0,34.0,38.0,4.6329,540
GEESEBAL,2015-02-01,6-095,6-095,DRY VALLEY,DRY VALLEY,,,,,,0
GEESEBAL,2015-02-01,6-096,6-096,EAGLE LAKE AREA,EAGLE LAKE AREA,,,,,,0
GEESEBAL,2015-02-01,7-033,7-033,EAST SALTON SEA,EAST SALTON SEA,45.392,41.0,32.0,59.0,16.9268,40262
GEESEBAL,2015-02-01,1-044,1-044,EDEN VALLEY,EDEN VALLEY,17.4166,17.0,15.0,20.0,3.8691,1654
GEESEBAL,2015-02-01,1-010,1-010,EEL RIVER VALLEY,EEL RIVER VALLEY,20.8001,21.0,18.0,24.0,4.8266,118070
GEESEBAL,2015-02-01,5-041,5-041,EGG LAKE VALLEY,EGG LAKE VALLEY,,,,,,0
GEESEBAL,2015-02-01,9-016,9-016,EL CAJON VALLEY,EL CAJON VALLEY,50.0968,46.0,44.0,58.0,8.1966,31
GEESEBAL,2015-02-01,6-043,6-043,EL MIRAGE VALLEY,EL MIRAGE VALLEY,16.2819,12.0,7.0,27.0,12.7349,3207
GEESEBAL,2015-02-01,5-062,5-062,ELK CREEK AREA,ELK CREEK AREA,10.7483,11.0,6.0,13.0,5.4252,143
GEESEBAL,2015-02-01,8-004.02,8-004,ELSINORE,ELSINORE - BEDFORD-COLDWATER,32.0812,31.0,24.0,40.0,10.9444,1158
GEESEBAL,2015-02-01,8-004.01,8-004,ELSINORE,ELSINORE - ELSINORE VALLEY,44.8318,45.0,40.0,50.0,6.1317,107
GEESEBAL,2015-02-01,9-009,9-009,ESCONDIDO VALLEY,ESCONDIDO VALLEY,16.4706,15.0,13.0,17.0,4.1105,34
GEESEBAL,2015-02-01,1-009,1-009,EUREKA PLAIN,EUREKA PLAIN,22.2122,23.0,18.0,27.0,6.7037,20932
GEESEBAL,2015-02-01,6-016,6-016,EUREKA VALLEY,EUREKA VALLEY,,,,,,0
GEESEBAL,2015-02-01,1-022,1-022,FAIRCHILD SWAMP VALLEY,FAIRCHILD SWAMP VALLEY,,,,,,0
GEESEBAL,2015-02-01,5-005,5-005,FALL RIVER VALLEY,FALL RIVER VALLEY,30.9279,31.0,25.0,37.0,8.1862,134007
GEESEBAL,2015-02-01,7-002,7-002,FENNER VALLEY,FENNER VALLEY,,,,,,0
GEESEBAL,2015-02-01,6-014,6-014,FISH LAKE VALLEY,FISH LAKE VALLEY,14.416,10.0,5.0,23.0,11.4944,14307
GEESEBAL,2015-02-01,3-053,3-053,FOOTHILL,FOOTHILL,39.1143,41.0,34.0,48.0,10.9539,35
GEESEBAL,2015-02-01,1-021,1-021,FORT BRAGG TERRACE AREA,FORT BRAGG TERRACE AREA,12.7668,13.0,9.0,16.0,4.9289,9530
GEESEBAL,2015-02-01,1-061,1-061,FORT ROSS TERRACE DEPOSITS,FORT ROSS TERRACE DEPOSITS,14.4048,14.0,9.0,19.0,6.8853,1077
GEESEBAL,2015-02-01,6-046,6-046,FREMONT VALLEY,FREMONT VALLEY,15.8933,12.0,10.0,23.0,9.0114,1949
GEESEBAL,2015-02-01,5-090,5-090,FUNKS CREEK,FUNKS CREEK,13.7858,14.0,10.0,18.0,5.251,3278
GEESEBAL,2015-02-01,1-032,1-032,GARBERVILLE TOWN AREA,GARBERVILLE TOWN AREA,23.666,24.0,20.0,28.0,5.1668,536
GEESEBAL,2015-02-01,1-020,1-020,GARCIA RIVER VALLEY,GARCIA RIVER VALLEY,14.172,15.0,12.0,17.0,3.8983,2790
GEESEBAL,2015-02-01,3-003.01,3-003,GILROY-HOLLISTER VALLEY,GILROY-HOLLISTER VALLEY - LLAGAS AREA,26.9182,27.0,19.0,34.0,11.0429,76692
GEESEBAL,2015-02-01,3-003.05,3-003,GILROY-HOLLISTER VALLEY,GILROY-HOLLISTER VALLEY - NORTH SAN BENITO,33.2546,34.0,25.0,42.0,11.7933,195070
GEESEBAL,2015-02-01,6-085,6-085,GOLD VALLEY,GOLD VALLEY,,,,,,0
GEESEBAL,2015-02-01,6-048,6-048,GOLDSTONE VALLEY,GOLDSTONE VALLEY,,,,,,0
GEESEBAL,2015-02-01,3-016,3-016,GOLETA,GOLETA,30.2916,31.0,21.0,39.0,11.4558,3354
GEESEBAL,2015-02-01,5-001.02,5-001,GOOSE LAKE,GOOSE LAKE - FANDANGO VALLEY,20.5092,20.0,15.0,26.0,8.0859,29120
GEESEBAL,2015-02-01,5-001.01,5-001,GOOSE LAKE,GOOSE LAKE - GOOSE VALLEY,23.9596,24.0,19.0,29.0,7.372,55936
GEESEBAL,2015-02-01,5-047,5-047,GOOSE VALLEY,GOOSE VALLEY,35.8837,36.0,32.0,40.0,5.8849,15463
GEESEBAL,2015-02-01,6-077,6-077,GRASS VALLEY,GRASS VALLEY,,,,,,0
GEESEBAL,2015-02-01,6-094,6-094,GRASSHOPPER VALLEY,GRASSHOPPER VALLEY,24.9376,25.0,20.0,30.0,7.9946,3734
GEESEBAL,2015-02-01,1-048,1-048,GRAVELLY VALLEY,GRAVELLY VALLEY,,,,,,0
GEESEBAL,2015-02-01,5-052,5-052,GRAYS VALLEY,GRAYS VALLEY,,,,,,0
GEESEBAL,2015-02-01,6-084,6-084,GREENWATER VALLEY,GREENWATER VALLEY,,,,,,0
GEESEBAL,2015-02-01,5-059,5-059,GRIZZLY VALLEY,GRIZZLY VALLEY,,,,,,0
GEESEBAL,2015-02-01,2-022,2-022,HALF MOON BAY TERRACE,HALF MOON BAY TERRACE,16.4595,17.0,10.0,23.0,9.631,9384
GEESEBAL,2015-02-01,1-015,1-015,HAPPY CAMP TOWN AREA,HAPPY CAMP TOWN AREA,30.7576,30.0,28.0,33.0,4.5551,99
GEESEBAL,2015-02-01,6-047,6-047,HARPER VALLEY,HARPER VALLEY,31.2503,29.0,24.0,38.0,11.7367,5658
GEESEBAL,2015-02-01,6-074,6-074,HARRISBURG FLATS,HARRISBURG FLATS,,,,,,0
GEESEBAL,2015-02-01,6-093,6-093,HARVEY VALLEY,HARVEY VALLEY,,,,,,0
GEESEBAL,2015-02-01,1-006,1-006,HAYFORK VALLEY,HAYFORK VALLEY,24.461,24.0,22.0,27.0,3.2613,3115
GEESEBAL,2015-02-01,7-048,7-048,HELENDALE FAULT VALLEY,HELENDALE FAULT VALLEY,,,,,,0
GEESEBAL,2015-02-01,8-006,8-006,HEMET LAKE VALLEY,HEMET LAKE VALLEY,,,,,,0
GEESEBAL,2015-02-01,3-031,3-031,HERNANDEZ VALLEY,HERNANDEZ VALLEY,17.1388,17.0,14.0,20.0,4.8309,389
GEESEBAL,2015-02-01,1-036,1-036,HETTENSHAW VALLEY,HETTENSHAW VALLEY,17.5,17.0,15.0,20.0,3.6112,2202
GEESEBAL,2015-02-01,7-053,7-053,HEXIE MOUNTAIN AREA,HEXIE MOUNTAIN AREA,,,,,,0
GEESEBAL,2015-02-01,6-063,6-063,HIDDEN VALLEY,HIDDEN VALLEY,,,,,,0
GEESEBAL,2015-02-01,4-016,4-016,HIDDEN VALLEY,HIDDEN VALLEY,28.232,27.0,23.0,33.0,7.5251,3767
GEESEBAL,2015-02-01,5-016,5-016,HIGH VALLEY,HIGH VALLEY,9.5753,8.0,6.0,12.0,5.5545,2781
GEESEBAL,2015-02-01,6-004,6-004,HONEY LAKE VALLEY,HONEY LAKE VALLEY,13.3048,13.0,7.0,19.0,8.4541,188784
GEESEBAL,2015-02-01,1-029,1-029,HONEYDEW TOWN AREA,HONEYDEW TOWN AREA,13.6095,14.0,10.0,18.0,5.6103,1183
GEESEBAL,2015-02-01,1-007,1-007,HOOPA VALLEY,HOOPA VALLEY,27.6201,27.0,25.0,30.0,3.991,787
GEESEBAL,2015-02-01,6-097,6-097,HORSE LAKE VALLEY,HORSE LAKE VALLEY,18.6957,21.0,9.0,28.0,10.9456,4335
GEESEBAL,2015-02-01,5-040,5-040,HOT SPRINGS VALLEY,HOT SPRINGS VALLEY,22.6791,23.0,19.0,26.0,6.0287,3266
GEESEBAL,2015-02-01,3-045,3-045,HUASNA VALLEY,HUASNA VALLEY,27.9236,26.0,18.0,37.0,12.3105,3366
GEESEBAL,2015-02-01,5-060,5-060,HUMBUG VALLEY,HUMBUG VALLEY,24.8022,25.0,13.0,36.0,12.4709,1178
GEESEBAL,2015-02-01,4-018,4-018,HUNGRY VALLEY,HUNGRY VALLEY,,,,,,0
GEESEBAL,2015-02-01,1-035,1-035,HYAMPOM VALLEY,HYAMPOM VALLEY,28.504,29.0,27.0,31.0,5.2137,504
GEESEBAL,2015-02-01,7-030,7-030,IMPERIAL VALLEY,IMPERIAL VALLEY,63.993,68.0,53.0,76.0,15.3663,1787554
GEESEBAL,2015-02-01,5-009,5-009,INDIAN VALLEY,INDIAN VALLEY,40.1066,40.0,35.0,45.0,7.7902,44582
GEESEBAL,2015-02-01,6-054,6-054,INDIAN WELLS VALLEY,INDIAN WELLS VALLEY,15.746,7.0,4.0,29.0,16.3046,14616
GEESEBAL,2015-02-01,7-050,7-050,IRON RIDGE AREA,IRON RIDGE AREA,,,,,,0
GEESEBAL,2015-02-01,2-033,2-033,ISLAIS VALLEY,ISLAIS VALLEY,,,,,,0
GEESEBAL,2015-02-01,6-030,6-030,IVANPAH VALLEY,IVANPAH VALLEY,43.4107,44.0,37.0,50.0,9.0781,918
GEESEBAL,2015-02-01,7-047,7-047,JACUMBA VALLEY,JACUMBA VALLEY,,,,,,0
GEESEBAL,2015-02-01,5-003,5-003,JESS VALLEY,JESS VALLEY,18.8933,19.0,13.0,25.0,7.7681,15658
GEESEBAL,2015-02-01,7-018.01,7-018,JOHNSON VALLEY,JOHNSON VALLEY - SOGGY LAKE,5.5667,6.0,4.0,7.0,1.5096,60
GEESEBAL,2015-02-01,7-018.02,7-018,JOHNSON VALLEY,JOHNSON VALLEY - UPPER JOHNSON VALLEY,,,,,,0
GEESEBAL,2015-02-01,5-086,5-086,JOSEPH CREEK,JOSEPH CREEK,29.9409,30.0,27.0,34.0,5.0837,4673
GEESEBAL,2015-02-01,7-062,7-062,JOSHUA TREE,JOSHUA TREE,,,,,,0
GEESEBAL,2015-02-01,6-089,6-089,KANE WASH AREA,KANE WASH AREA,,,,,,0
GEESEBAL,2015-02-01,6-069,6-069,KELSO LANDER VALLEY,KELSO LANDER VALLEY,,,,,,0
GEESEBAL,2015-02-01,6-031,6-031,KELSO VALLEY,KELSO VALLEY,,,,,,0
GEESEBAL,2015-02-01,2-019,2-019,KENWOOD VALLEY,KENWOOD VALLEY,13.7732,13.0,10.0,18.0,6.1964,5674
GEESEBAL,2015-02-01,5-025,5-025,KERN RIVER VALLEY,KERN RIVER VALLEY,11.6722,9.0,4.0,17.0,10.6099,15077
GEESEBAL,2015-02-01,1-002.02,1-002,KLAMATH RIVER VALLEY,KLAMATH RIVER VALLEY - LOWER KLAMATH,21.2877,21.0,16.0,27.0,8.1099,93343
GEESEBAL,2015-02-01,1-002.01,1-002,KLAMATH RIVER VALLEY,KLAMATH RIVER VALLEY - TULELAKE,14.2053,13.0,9.0,18.0,7.7796,296556
GEESEBAL,2015-02-01,1-050,1-050,KNIGHTS VALLEY,KNIGHTS VALLEY,16.333,15.0,10.0,21.0,8.2443,7322
GEESEBAL,2015-02-01,5-007,5-007,LAKE ALMANOR VALLEY,LAKE ALMANOR VALLEY,10.6615,6.0,2.0,18.0,10.4733,2623
GEESEBAL,2015-02-01,5-046,5-046,LAKE BRITTON AREA,LAKE BRITTON AREA,25.7392,26.0,20.0,31.0,7.1007,441
GEESEBAL,2015-02-01,7-001,7-001,LANFAIR VALLEY,LANFAIR VALLEY,,,,,,0
GEESEBAL,2015-02-01,6-036.02,6-036,LANGFORD VALLEY,LANGFORD VALLEY - IRWIN,,,,,,0
GEESEBAL,2015-02-01,6-036.01,6-036,LANGFORD VALLEY,LANGFORD VALLEY - LANGFORD WELL LAKE,,,,,,0
GEESEBAL,2015-02-01,1-033,1-033,LARABEE VALLEY,LARABEE VALLEY,12.6588,12.0,11.0,15.0,2.8363,211
GEESEBAL,2015-02-01,4-008,4-008,LAS POSAS VALLEY,LAS POSAS VALLEY,47.3853,49.0,40.0,56.0,11.38,90827
GEESEBAL,2015-02-01,5-057,5-057,LAST CHANCE CREEK VALLEY,LAST CHANCE CREEK VALLEY,,,,,,0
GEESEBAL,2015-02-01,7-014,7-014,LAVIC VALLEY,LAVIC VALLEY,,,,,,0
GEESEBAL,2015-02-01,1-012,1-012,LAYTONVILLE VALLEY,LAYTONVILLE VALLEY,20.0285,20.0,17.0,23.0,4.0222,5017
GEESEBAL,2015-02-01,6-027,6-027,LEACH VALLEY,LEACH VALLEY,,,,,,0
GEESEBAL,2015-02-01,6-066,6-066,LEE FLAT,LEE FLAT,,,,,,0
GEESEBAL,2015-02-01,6-106,6-106,LITTLE ANTELOPE VALLEY,LITTLE ANTELOPE VALLEY,10.8114,10.0,6.0,15.0,6.0542,1829
GEESEBAL,2015-02-01,5-065,5-065,LITTLE INDIAN VALLEY,LITTLE INDIAN VALLEY,15.0556,16.0,12.0,17.0,2.7583,18
GEESEBAL,2015-02-01,1-013,1-013,LITTLE LAKE VALLEY,LITTLE LAKE VALLEY,26.1349,26.0,23.0,29.0,4.7912,16230
GEESEBAL,2015-02-01,1-041,1-041,LITTLE VALLEY,LITTLE VALLEY,21.7925,21.0,19.0,25.0,4.3707,718
GEESEBAL,2015-02-01,2-010,2-010,LIVERMORE VALLEY,LIVERMORE VALLEY,21.7104,22.0,16.0,28.0,9.6911,31364
GEESEBAL,2015-02-01,2-038,2-038,LOBOS,LOBOS,26.358,27.0,17.0,36.0,13.0036,743
GEESEBAL,2015-02-01,3-006,3-006,LOCKWOOD VALLEY,LOCKWOOD VALLEY,41.4741,42.0,33.0,50.0,11.1201,22965
GEESEBAL,2015-02-01,4-017,4-017,LOCKWOOD VALLEY,LOCKWOOD VALLEY,1.5667,2.0,0.0,3.0,1.5797,120
GEESEBAL,2015-02-01,6-011,6-011,LONG VALLEY,LONG VALLEY,41.4058,43.0,27.0,55.0,17.0704,28621
GEESEBAL,2015-02-01,5-044,5-044,LONG VALLEY,LONG VALLEY,,,,,,0
GEESEBAL,2015-02-01,6-104,6-104,LONG VALLEY,LONG VALLEY,8.2314,7.0,5.0,10.0,5.627,6486
GEESEBAL,2015-02-01,5-031,5-031,LONG VALLEY,LONG VALLEY,18.5006,19.0,15.0,24.0,6.9515,2719
GEESEBAL,2015-02-01,5-070,5-070,LOS BANOS CREEK VALLEY,LOS BANOS CREEK VALLEY,,,,,,0
GEESEBAL,2015-02-01,3-008.01,3-008,LOS OSOS VALLEY,LOS OSOS VALLEY - LOS OSOS AREA,24.384,23.0,18.0,33.0,9.7105,1901
GEESEBAL,2015-02-01,3-008.02,3-008,LOS OSOS VALLEY,LOS OSOS VALLEY - WARDEN CREEK,28.2026,29.0,20.0,34.0,10.8306,4235
GEESEBAL,2015-02-01,7-051,7-051,LOST HORSE VALLEY,LOST HORSE VALLEY,,,,,,0
GEESEBAL,2015-02-01,6-071,6-071,LOST LAKE VALLEY,LOST LAKE VALLEY,,,,,,0
GEESEBAL,2015-02-01,6-021,6-021,LOWER KINGSTON VALLEY,LOWER KINGSTON VALLEY,,,,,,0
GEESEBAL,2015-02-01,1-014,1-014,LOWER KLAMATH RIVER VALLEY,LOWER KLAMATH RIVER VALLEY,22.8081,23.0,21.0,25.0,3.7548,1376
GEESEBAL,2015-02-01,5-030,5-030,LOWER LAKE VALLEY,LOWER LAKE VALLEY,17.0913,17.0,12.0,23.0,7.8825,635
GEESEBAL,2015-02-01,1-038,1-038,LOWER LAYTONVILLE VALLEY,LOWER LAYTONVILLE VALLEY,20.1348,20.0,18.0,23.0,4.1716,423
GEESEBAL,2015-02-01,6-040,6-040,LOWER MOJAVE RIVER VALLEY,LOWER MOJAVE RIVER VALLEY,37.0872,37.0,26.0,47.0,13.7113,17361
GEESEBAL,2015-02-01,1-060,1-060,LOWER RUSSIAN RIVER VALLEY,LOWER RUSSIAN RIVER VALLEY,22.281,22.0,19.0,26.0,5.6728,5452
GEESEBAL,2015-02-01,7-019,7-019,LUCERNE VALLEY,LUCERNE VALLEY,17.3857,17.0,12.0,22.0,8.1288,9962
GEESEBAL,2015-02-01,1-008.02,1-008,MAD RIVER VALLEY,MAD RIVER VALLEY - DOWS PRAIRIE SCHOOL AREA,22.0776,23.0,19.0,26.0,5.8508,5891
GEESEBAL,2015-02-01,1-008.01,1-008,MAD RIVER VALLEY,MAD RIVER VALLEY - MAD RIVER LOWLAND,22.8811,23.0,19.0,27.0,5.4467,27723
GEESEBAL,2015-02-01,6-002,6-002,MADELINE PLAINS,MADELINE PLAINS,17.3171,18.0,11.0,23.0,9.1823,97627
GEESEBAL,2015-02-01,3-051,3-051,MAJORS CREEK,MAJORS CREEK,32.3618,33.0,21.0,44.0,13.7183,749
GEESEBAL,2015-02-01,4-022,4-022,MALIBU VALLEY,MALIBU VALLEY,50.375,51.0,46.0,55.0,5.4115,40
GEESEBAL,2015-02-01,6-064,6-064,MARBLE CANYON AREA,MARBLE CANYON AREA,,,,,,0
GEESEBAL,2015-02-01,2-039,2-039,MARINA,MARINA,,,,,,0
GEESEBAL,2015-02-01,6-067,6-067,MARTIS VALLEY,MARTIS VALLEY,33.2709,34.0,29.0,38.0,7.2166,3426
GEESEBAL,2015-02-01,7-059,7-059,MASON VALLEY,MASON VALLEY,,,,,,0
GEESEBAL,2015-02-01,1-028,1-028,MATTOLE RIVER VALLEY,MATTOLE RIVER VALLEY,10.5002,9.0,7.0,14.0,5.2961,2795
GEESEBAL,2015-02-01,5-035,5-035,MCCLOUD AREA,MCCLOUD AREA,8.0214,6.0,3.0,12.0,6.5619,187
GEESEBAL,2015-02-01,5-095,5-095,MEADOW VALLEY,MEADOW VALLEY,41.9265,43.0,39.0,47.0,7.7161,925
GEESEBAL,2015-02-01,7-017,7-017,MEANS VALLEY,MEANS VALLEY,15.0,14.5,14.0,17.0,1.6036,42
GEESEBAL,2015-02-01,6-029,6-029,MESQUITE VALLEY,MESQUITE VALLEY,34.5146,36.0,28.0,42.0,11.0551,9058
GEESEBAL,2015-02-01,6-020,6-020,MIDDLE AMARGOSA VALLEY,MIDDLE AMARGOSA VALLEY,49.0734,48.0,40.0,60.0,10.8346,109
GEESEBAL,2015-02-01,5-094,5-094,MIDDLE CREEK,MIDDLE CREEK,17.8741,18.0,15.0,20.0,3.4885,135
GEESEBAL,2015-02-01,5-087,5-087,MIDDLE FORK FEATHER RIVER,MIDDLE FORK FEATHER RIVER,39.5387,40.0,36.0,44.0,6.135,646
GEESEBAL,2015-02-01,6-041,6-041,MIDDLE MOJAVE RIVER VALLEY,MIDDLE MOJAVE RIVER VALLEY,40.4106,39.0,34.0,45.0,10.808,3268
GEESEBAL,2015-02-01,6-080,6-080,MIDDLE PARK CANYON,MIDDLE PARK CANYON,,,,,,0
GEESEBAL,2015-02-01,5-085,5-085,MIL POTRERO AREA,MIL POTRERO AREA,3.6875,4.0,3.0,5.0,1.5413,112
GEESEBAL,2015-02-01,9-014,9-014,MISSION VALLEY,MISSION VALLEY,60.8335,61.0,58.0,63.0,6.2745,829
GEESEBAL,2015-02-01,5-011,5-011,MOHAWK VALLEY,MOHAWK VALLEY,38.3773,38.0,35.0,42.0,6.3258,6531
GEESEBAL,2015-02-01,6-009,6-009,MONO VALLEY,MONO VALLEY,27.0251,28.0,22.0,31.0,5.6085,239
GEESEBAL,2015-02-01,3-049,3-049,MONTECITO,MONTECITO,40.0279,42.0,32.0,49.0,11.2497,1722
GEESEBAL,2015-02-01,7-020,7-020,MORONGO VALLEY,MORONGO VALLEY,2.0952,2.0,1.0,2.0,1.5089,21
GEESEBAL,2015-02-01,3-041,3-041,MORRO VALLEY,MORRO VALLEY,21.4932,21.0,14.0,30.0,10.2812,1241
GEESEBAL,2015-02-01,5-008,5-008,MOUNTAIN MEADOWS VALLEY,MOUNTAIN MEADOWS VALLEY,42.4581,42.0,39.0,46.0,5.7344,23845
GEESEBAL,2015-02-01,1-056,1-056,McDOWELL VALLEY,McDOWELL VALLEY,22.8752,23.0,21.0,25.0,3.7023,2804
GEESEBAL,2015-02-01,2-002.01,2-002,NAPA-SONOMA VALLEY,NAPA-SONOMA VALLEY - NAPA VALLEY,20.2344,20.0,15.0,25.0,7.5529,93416
GEESEBAL,2015-02-01,2-002.03,2-002,NAPA-SONOMA VALLEY,NAPA-SONOMA VALLEY - NAPA-SONOMA LOWLANDS,31.6786,32.0,27.0,37.0,8.2257,23572
GEESEBAL,2015-02-01,2-002.02,2-002,NAPA-SONOMA VALLEY,NAPA-SONOMA VALLEY - SONOMA VALLEY,19.995,20.0,15.0,25.0,7.7209,80598
GEESEBAL,2015-02-01,1-046,1-046,NAVARRO RIVER VALLEY,NAVARRO RIVER VALLEY,,,,,,0
GEESEBAL,2015-02-01,3-052,3-052,NEEDLE ROCK POINT,NEEDLE ROCK POINT,31.2771,31.0,26.0,36.0,7.6204,1595
GEESEBAL,2015-02-01,7-044,7-044,NEEDLES VALLEY,NEEDLES VALLEY,42.9103,41.0,26.0,62.0,21.9896,16397
GEESEBAL,2015-02-01,5-050,5-050,NORTH FORK BATTLE CREEK,NORTH FORK BATTLE CREEK,23.531,24.0,17.0,31.0,9.4061,2808
GEESEBAL,2015-02-01,2-030,2-030,NOVATO VALLEY,NOVATO VALLEY,24.1692,25.0,19.0,30.0,8.1456,14596
GEESEBAL,2015-02-01,7-025,7-025,OCOTILLO-CLARK VALLEY,OCOTILLO-CLARK VALLEY,67.9635,72.0,61.0,77.0,13.1404,37509
GEESEBAL,2015-02-01,7-035,7-035,OGILBY VALLEY,OGILBY VALLEY,22.1704,29.0,5.0,31.0,12.6138,3357
GEESEBAL,2015-02-01,4-002,4-002,OJAI VALLEY,OJAI VALLEY,49.2822,51.0,44.0,57.0,9.9932,9327
GEESEBAL,2015-02-01,3-039,3-039,OLD VALLEY,OLD VALLEY,25.639,27.0,23.0,30.0,6.0949,205
GEESEBAL,2015-02-01,6-108,6-108,OLYMPIC VALLEY,OLYMPIC VALLEY,21.8235,22.0,17.0,28.0,10.1715,289
GEESEBAL,2015-02-01,7-031,7-031,OROCOPIA VALLEY,OROCOPIA VALLEY,4.2174,3.0,2.0,6.0,2.7611,161
GEESEBAL,2015-02-01,6-012.02,6-012,OWENS VALLEY,OWENS VALLEY - FISH SLOUGH,,,,,,0
GEESEBAL,2015-02-01,6-012.01,6-012,OWENS VALLEY,OWENS VALLEY - OWENS VALLEY,12.193,10.0,5.0,18.0,9.3433,93069
GEESEBAL,2015-02-01,6-088,6-088,OWL LAKE VALLEY,OWL LAKE VALLEY,,,,,,0
GEESEBAL,2015-02-01,6-028,6-028,PAHRUMP VALLEY,PAHRUMP VALLEY,,,,,,0
GEESEBAL,2015-02-01,6-099,6-099,PAINTERS FLAT,PAINTERS FLAT,15.2824,14.0,10.0,19.0,8.1327,1133
GEESEBAL,2015-02-01,7-039,7-039,PALO VERDE MESA,PALO VERDE MESA,68.7913,73.0,58.0,80.0,16.4433,161307
GEESEBAL,2015-02-01,7-038,7-038,PALO VERDE VALLEY,PALO VERDE VALLEY,68.3836,74.0,59.0,80.0,16.5865,224174
GEESEBAL,2015-02-01,9-024,9-024,PAMO VALLEY,PAMO VALLEY,,,,,,0
GEESEBAL,2015-02-01,6-058,6-058,PANAMINT VALLEY,PANAMINT VALLEY,,,,,,0
GEESEBAL,2015-02-01,5-023,5-023,PANOCHE VALLEY,PANOCHE VALLEY,17.6704,13.0,10.0,24.0,10.5615,1966
GEESEBAL,2015-02-01,3-032,3-032,PEACH TREE VALLEY,PEACH TREE VALLEY,29.7098,29.0,23.0,36.0,8.121,1268
GEESEBAL,2015-02-01,1-030,1-030,PEPPERWOOD TOWN AREA,PEPPERWOOD TOWN AREA,25.1611,25.0,23.0,28.0,5.1005,3495
GEESEBAL,2015-02-01,2-026,2-026,PESCADERO VALLEY,PESCADERO VALLEY,21.2157,20.0,10.0,31.0,14.5905,2545
GEESEBAL,2015-02-01,2-001,2-001,PETALUMA VALLEY,PETALUMA VALLEY,22.3392,23.0,18.0,27.0,7.2334,46221
GEESEBAL,2015-02-01,6-051,6-051,PILOT KNOB VALLEY,PILOT KNOB VALLEY,,,,,,0
GEESEBAL,2015-02-01,6-092,6-092,PINE CREEK VALLEY,PINE CREEK VALLEY,34.8594,36.0,33.0,37.0,3.5039,64
GEESEBAL,2015-02-01,7-006,7-006,PINTO VALLEY,PINTO VALLEY,,,,,,0
GEESEBAL,2015-02-01,7-049,7-049,PIPES CANYON FAULT VALLEY,PIPES CANYON FAULT VALLEY,,,,,,0
GEESEBAL,2015-02-01,2-004,2-004,PITTSBURG PLAIN,PITTSBURG PLAIN,,,,,,0
GEESEBAL,2015-02-01,7-045,7-045,PIUTE VALLEY,PIUTE VALLEY,,,,,,0
GEESEBAL,2015-02-01,7-052,7-052,PLEASANT VALLEY,PLEASANT VALLEY,,,,,,0
GEESEBAL,2015-02-01,4-006,4-006,PLEASANT VALLEY,PLEASANT VALLEY,32.6855,31.0,24.0,40.0,10.9431,33195
GEESEBAL,2015-02-01,5-038,5-038,PONDOSA TOWN AREA,PONDOSA TOWN AREA,,,,,,0
GEESEBAL,2015-02-01,5-068,5-068,POPE VALLEY,POPE VALLEY,21.1964,22.0,15.0,27.0,9.0509,12659
GEESEBAL,2015-02-01,9-029,9-029,POTRERO VALLEY,POTRERO VALLEY,28.4582,27.0,23.0,34.0,8.4662,371
GEESEBAL,2015-02-01,1-051,1-051,POTTER VALLEY,POTTER VALLEY,22.2674,23.0,21.0,24.0,3.1204,20554
GEESEBAL,2015-02-01,9-013,9-013,POWAY VALLEY,POWAY VALLEY,,,,,,0
GEESEBAL,2015-02-01,3-044,3-044,POZO VALLEY,POZO VALLEY,32.2322,34.0,24.0,44.0,16.3215,2713
GEESEBAL,2015-02-01,1-025,1-025,PRAIRIE CREEK AREA,PRAIRIE CREEK AREA,,,,,,0
GEESEBAL,2015-02-01,7-040,7-040,QUIEN SABE POINT VALLEY,QUIEN SABE POINT VALLEY,56.6017,61.0,49.0,66.0,15.2686,708
GEESEBAL,2015-02-01,3-024,3-024,QUIEN SABE VALLEY,QUIEN SABE VALLEY,19.4873,19.0,13.0,25.0,8.7927,11403
GEESEBAL,2015-02-01,6-062,6-062,RACE TRACK VALLEY,RACE TRACK VALLEY,,,,,,0
GEESEBAL,2015-02-01,3-046,3-046,RAFAEL VALLEY,RAFAEL VALLEY,20.0,20.0,20.0,20.0,0.0,1
GEESEBAL,2015-02-01,9-025,9-025,RANCHITA TOWN AREA,RANCHITA TOWN AREA,11.9773,13.0,10.0,14.0,2.5449,44
GEESEBAL,2015-02-01,4-023,4-023,RAYMOND,RAYMOND,42.8829,44.0,35.0,51.0,10.741,1717
GEESEBAL,2015-02-01,6-024,6-024,RED PASS VALLEY,RED PASS VALLEY,,,,,,0
GEESEBAL,2015-02-01,1-018,1-018,RED ROCK VALLEY,RED ROCK VALLEY,27.7757,28.0,24.0,31.0,5.3793,22680
GEESEBAL,2015-02-01,5-006.03,5-006,REDDING AREA,REDDING AREA - ANDERSON,20.2858,21.0,17.0,24.0,4.7934,42951
GEESEBAL,2015-02-01,5-006.01,5-006,REDDING AREA,REDDING AREA - BOWMAN,22.2844,22.0,19.0,26.0,5.8664,18219
GEESEBAL,2015-02-01,5-006.04,5-006,REDDING AREA,REDDING AREA - ENTERPRISE,21.8034,22.0,19.0,25.0,4.7468,22476
GEESEBAL,2015-02-01,5-006.05,5-006,REDDING AREA,REDDING AREA - MILLVILLE,17.0764,17.0,13.0,21.0,5.6999,9082
GEESEBAL,2015-02-01,5-006.06,5-006,REDDING AREA,REDDING AREA - SOUTH BATTLE CREEK,20.0973,22.0,15.0,26.0,7.2287,7982
GEESEBAL,2015-02-01,1-026,1-026,REDWOOD CREEK AREA,REDWOOD CREEK AREA,23.3457,24.0,22.0,25.0,3.8106,2702
GEESEBAL,2015-02-01,6-086,6-086,RHODES HILL AREA,RHODES HILL AREA,,,,,,0
GEESEBAL,2015-02-01,7-004,7-004,RICE VALLEY,RICE VALLEY,58.1858,59.0,54.0,64.0,7.4982,619
GEESEBAL,2015-02-01,6-023,6-023,RIGGS VALLEY,RIGGS VALLEY,,,,,,0
GEESEBAL,2015-02-01,3-043,3-043,RINCONADA VALLEY,RINCONADA VALLEY,40.2081,36.0,31.0,50.0,9.7895,2907
GEESEBAL,2015-02-01,5-043,5-043,ROCK PRAIRIE VALLEY,ROCK PRAIRIE VALLEY,,,,,,0
GEESEBAL,2015-02-01,6-056,6-056,ROSE VALLEY,ROSE VALLEY,,,,,,0
GEESEBAL,2015-02-01,2-028,2-028,ROSS VALLEY,ROSS VALLEY,,,,,,0
GEESEBAL,2015-02-01,5-036,5-036,ROUND VALLEY,ROUND VALLEY,30.2511,30.0,27.0,34.0,4.8857,14312
GEESEBAL,2015-02-01,4-020,4-020,RUSSELL VALLEY,RUSSELL VALLEY,22.8397,23.0,20.0,27.0,5.2696,131
GEESEBAL,2015-02-01,5-021.54,5-021,SACRAMENTO VALLEY,SACRAMENTO VALLEY - ANTELOPE,13.1298,14.0,9.0,18.0,6.2797,37689
GEESEBAL,2015-02-01,5-021.53,5-021,SACRAMENTO VALLEY,SACRAMENTO VALLEY - BEND,17.4166,19.0,13.0,23.0,6.8408,2621
GEESEBAL,2015-02-01,5-021.70,5-021,SACRAMENTO VALLEY,SACRAMENTO VALLEY - BUTTE,35.8741,36.0,26.0,45.0,13.4538,817595
GEESEBAL,2015-02-01,5-021.52,5-021,SACRAMENTO VALLEY,SACRAMENTO VALLEY - COLUSA,20.6997,19.0,11.0,28.0,13.1369,2197993
GEESEBAL,2015-02-01,5-021.51,5-021,SACRAMENTO VALLEY,SACRAMENTO VALLEY - CORNING,16.2762,15.0,10.0,22.0,9.2071,348885
GEESEBAL,2015-02-01,5-021.56,5-021,SACRAMENTO VALLEY,SACRAMENTO VALLEY - LOS MOLINOS,11.5838,12.0,7.0,15.0,6.5672,77700
GEESEBAL,2015-02-01,5-021.64,5-021,SACRAMENTO VALLEY,SACRAMENTO VALLEY - NORTH AMERICAN,32.5848,31.0,22.0,41.0,13.5444,553436
GEESEBAL,2015-02-01,5-021.60,5-021,SACRAMENTO VALLEY,SACRAMENTO VALLEY - NORTH YUBA,41.6197,43.0,35.0,49.0,10.6187,171437
GEESEBAL,2015-02-01,5-021.50,5-021,SACRAMENTO VALLEY,SACRAMENTO VALLEY - RED BLUFF,12.7758,13.0,9.0,17.0,6.889,175098
GEESEBAL,2015-02-01,5-021.66,5-021,SACRAMENTO VALLEY,SACRAMENTO VALLEY - SOLANO,30.3876,31.0,21.0,40.0,15.2509,931573
GEESEBAL,2015-02-01,5-021.65,5-021,SACRAMENTO VALLEY,SACRAMENTO VALLEY - SOUTH AMERICAN,28.6269,26.0,18.0,38.0,13.4608,248983
GEESEBAL,2015-02-01,5-021.61,5-021,SACRAMENTO VALLEY,SACRAMENTO VALLEY - SOUTH YUBA,31.9144,33.0,22.0,42.0,11.9929,215113
GEESEBAL,2015-02-01,5-021.62,5-021,SACRAMENTO VALLEY,SACRAMENTO VALLEY - SUTTER,29.3221,28.0,20.0,39.0,13.252,862602
GEESEBAL,2015-02-01,5-021.57,5-021,SACRAMENTO VALLEY,SACRAMENTO VALLEY - VINA,34.6758,34.0,23.0,46.0,13.363,355464
GEESEBAL,2015-02-01,5-021.69,5-021,SACRAMENTO VALLEY,SACRAMENTO VALLEY - WYANDOTTE CREEK,41.5472,39.0,35.0,50.0,10.8827,72218
GEESEBAL,2015-02-01,5-021.67,5-021,SACRAMENTO VALLEY,SACRAMENTO VALLEY - YOLO,34.6528,35.0,23.0,47.0,15.4606,1423392
GEESEBAL,2015-02-01,3-004.01,3-004,SALINAS VALLEY,SALINAS VALLEY - 180/400 FOOT AQUIFER,26.3922,26.0,18.0,34.0,11.6958,244978
GEESEBAL,2015-02-01,3-004.11,3-004,SALINAS VALLEY,SALINAS VALLEY - ATASCADERO AREA,34.2808,33.0,29.0,40.0,9.7129,25576
GEESEBAL,2015-02-01,3-004.02,3-004,SALINAS VALLEY,SALINAS VALLEY - EAST SIDE AQUIFER,23.2659,23.0,16.0,30.0,10.3449,155489
GEESEBAL,2015-02-01,3-004.04,3-004,SALINAS VALLEY,SALINAS VALLEY - FOREBAY AQUIFER,27.5628,27.0,21.0,33.0,9.3433,261975
GEESEBAL,2015-02-01,3-004.09,3-004,SALINAS VALLEY,SALINAS VALLEY - LANGLEY AREA,22.0504,22.0,13.0,31.0,11.8453,8396
GEESEBAL,2015-02-01,3-004.10,3-004,SALINAS VALLEY,SALINAS VALLEY - MONTEREY,24.0317,24.0,14.0,33.0,11.4077,3033
GEESEBAL,2015-02-01,3-004.06,3-004,SALINAS VALLEY,SALINAS VALLEY - PASO ROBLES AREA,33.4373,32.0,26.0,42.0,11.2956,339879
GEESEBAL,2015-02-01,3-004.08,3-004,SALINAS VALLEY,SALINAS VALLEY - SEASIDE,17.4912,15.0,4.0,30.0,14.4123,1643
GEESEBAL,2015-02-01,3-004.05,3-004,SALINAS VALLEY,SALINAS VALLEY - UPPER VALLEY AQUIFER,34.3353,35.0,28.0,41.0,9.3112,280171
GEESEBAL,2015-02-01,6-017,6-017,SALINE VALLEY,SALINE VALLEY,,,,,,0
GEESEBAL,2015-02-01,6-053,6-053,SALT WELLS VALLEY,SALT WELLS VALLEY,,,,,,0
GEESEBAL,2015-02-01,3-014,3-014,SAN ANTONIO CREEK VALLEY,SAN ANTONIO CREEK VALLEY,17.1949,15.0,10.0,23.0,11.4035,63227
GEESEBAL,2015-02-01,3-028,3-028,SAN BENITO RIVER VALLEY,SAN BENITO RIVER VALLEY,37.1572,40.0,28.0,46.0,11.9472,4187
GEESEBAL,2015-02-01,3-033,3-033,SAN CARPOFORO VALLEY,SAN CARPOFORO VALLEY,,,,,,0
GEESEBAL,2015-02-01,9-015,9-015,SAN DIEGO RIVER VALLEY,SAN DIEGO RIVER VALLEY,53.4284,54.0,48.0,59.0,11.2178,1139
GEESEBAL,2015-02-01,9-012,9-012,SAN DIEGUITO CREEK,SAN DIEGUITO CREEK,60.1516,62.0,58.0,64.0,6.1909,1610
GEESEBAL,2015-02-01,9-023,9-023,SAN ELIJO VALLEY,SAN ELIJO VALLEY,48.48,52.0,43.0,57.0,10.412,25
GEESEBAL,2015-02-01,7-027,7-027,SAN FELIPE VALLEY,SAN FELIPE VALLEY,20.8108,21.0,17.0,24.0,4.7695,74
GEESEBAL,2015-02-01,4-012,4-012,SAN FERNANDO VALLEY,SAN FERNANDO VALLEY,44.5016,49.0,33.0,56.0,14.9625,8431
GEESEBAL,2015-02-01,4-013,4-013,SAN GABRIEL VALLEY,SAN GABRIEL VALLEY,40.3982,40.0,34.0,47.0,10.725,9139
GEESEBAL,2015-02-01,2-024,2-024,SAN GREGORIO VALLEY,SAN GREGORIO VALLEY,24.0885,25.0,14.0,34.0,13.3081,1130
GEESEBAL,2015-02-01,8-005,8-005,SAN JACINTO,SAN JACINTO,35.3998,38.0,22.0,50.0,17.2881,135365
GEESEBAL,2015-02-01,5-022.05,5-022,SAN JOAQUIN VALLEY,SAN JOAQUIN VALLEY - CHOWCHILLA,39.5443,43.0,28.0,52.0,17.2138,545480
GEESEBAL,2015-02-01,5-022.16,5-022,SAN JOAQUIN VALLEY,SAN JOAQUIN VALLEY - COSUMNES,26.442,23.0,18.0,33.0,11.622,250877
GEESEBAL,2015-02-01,5-022.07,5-022,SAN JOAQUIN VALLEY,SAN JOAQUIN VALLEY - DELTA-MENDOTA,26.6079,27.0,11.0,41.0,17.3265,2031884
GEESEBAL,2015-02-01,5-022.19,5-022,SAN JOAQUIN VALLEY,SAN JOAQUIN VALLEY - EAST CONTRA COSTA,35.6384,36.0,25.0,46.0,14.617,180138
GEESEBAL,2015-02-01,5-022.01,5-022,SAN JOAQUIN VALLEY,SAN JOAQUIN VALLEY - EASTERN SAN JOAQUIN,27.8237,27.0,19.0,36.0,11.9881,1846486
GEESEBAL,2015-02-01,5-022.11,5-022,SAN JOAQUIN VALLEY,SAN JOAQUIN VALLEY - KAWEAH,48.2586,52.0,37.0,63.0,17.83,1383868
GEESEBAL,2015-02-01,5-022.14,5-022,SAN JOAQUIN VALLEY,SAN JOAQUIN VALLEY - KERN COUNTY,40.6463,41.0,23.0,59.0,21.6849,3709373
GEESEBAL,2015-02-01,5-022.17,5-022,SAN JOAQUIN VALLEY,SAN JOAQUIN VALLEY - KETTLEMAN PLAIN,18.4796,18.0,7.0,27.0,13.1578,135911
GEESEBAL,2015-02-01,5-022.08,5-022,SAN JOAQUIN VALLEY,SAN JOAQUIN VALLEY - KINGS,40.675,42.0,27.0,56.0,17.5878,2979931
GEESEBAL,2015-02-01,5-022.06,5-022,SAN JOAQUIN VALLEY,SAN JOAQUIN VALLEY - MADERA,41.8597,45.0,26.0,59.0,19.5523,953242
GEESEBAL,2015-02-01,5-022.04,5-022,SAN JOAQUIN VALLEY,SAN JOAQUIN VALLEY - MERCED,30.2509,32.0,17.0,44.0,16.7791,1184371
GEESEBAL,2015-02-01,5-022.02,5-022,SAN JOAQUIN VALLEY,SAN JOAQUIN VALLEY - MODESTO,37.7878,39.0,31.0,46.0,11.9823,582540
GEESEBAL,2015-02-01,5-022.10,5-022,SAN JOAQUIN VALLEY,SAN JOAQUIN VALLEY - PLEASANT VALLEY,19.4238,20.0,12.0,25.0,11.2243,120709
GEESEBAL,2015-02-01,5-022.15,5-022,SAN JOAQUIN VALLEY,SAN JOAQUIN VALLEY - TRACY,32.0084,32.0,24.0,40.0,11.7097,626625
GEESEBAL,2015-02-01,5-022.12,5-022,SAN JOAQUIN VALLEY,SAN JOAQUIN VALLEY - TULARE LAKE,30.8331,31.0,9.0,49.0,21.8413,1556982
GEESEBAL,2015-02-01,5-022.13,5-022,SAN JOAQUIN VALLEY,SAN JOAQUIN VALLEY - TULE,39.7077,44.0,17.0,62.0,24.1955,1579755
GEESEBAL,2015-02-01,5-022.03,5-022,SAN JOAQUIN VALLEY,SAN JOAQUIN VALLEY - TURLOCK,40.9828,43.0,35.0,50.0,12.1918,1021674
GEESEBAL,2015-02-01,5-022.09,5-022,SAN JOAQUIN VALLEY,SAN JOAQUIN VALLEY - WESTSIDE,27.6869,26.0,14.0,39.0,17.2796,2400380
GEESEBAL,2015-02-01,5-022.18,5-022,SAN JOAQUIN VALLEY,SAN JOAQUIN VALLEY - WHITE WOLF,18.8375,13.0,9.0,25.0,13.6926,162939
GEESEBAL,2015-02-01,9-001,9-001,SAN JUAN VALLEY,SAN JUAN VALLEY,37.5445,37.0,29.0,45.0,13.7857,2272
GEESEBAL,2015-02-01,3-009,3-009,SAN LUIS OBISPO VALLEY,SAN LUIS OBISPO VALLEY,23.5952,24.0,17.0,29.0,10.1104,16683
GEESEBAL,2015-02-01,9-007.02,9-007,SAN LUIS REY VALLEY,SAN LUIS REY VALLEY - LOWER SAN LUIS REY VALLEY,45.4602,47.0,39.0,53.0,10.6769,2764
GEESEBAL,2015-02-01,9-007.01,9-007,SAN LUIS REY VALLEY,SAN LUIS REY VALLEY - UPPER SAN LUIS REY VALLEY,50.4339,52.0,44.0,59.0,11.6985,25505
GEESEBAL,2015-02-01,9-032,9-032,SAN MARCOS AREA,SAN MARCOS AREA,49.2222,50.0,47.0,51.0,2.7933,27
GEESEBAL,2015-02-01,9-002,9-002,SAN MATEO VALLEY,SAN MATEO VALLEY,41.5556,41.0,39.0,45.0,3.6549,9
GEESEBAL,2015-02-01,9-003,9-003,SAN ONOFRE VALLEY,SAN ONOFRE VALLEY,,,,,,0
GEESEBAL,2015-02-01,9-010,9-010,SAN PASQUAL VALLEY,SAN PASQUAL VALLEY,52.0631,53.0,44.0,60.0,11.895,7689
GEESEBAL,2015-02-01,2-036,2-036,SAN PEDRO VALLEY,SAN PEDRO VALLEY,20.7917,21.5,17.5,23.0,8.0622,24
GEESEBAL,2015-02-01,2-029,2-029,SAN RAFAEL VALLEY,SAN RAFAEL VALLEY,,,,,,0
GEESEBAL,2015-02-01,2-007,2-007,SAN RAMON VALLEY,SAN RAMON VALLEY,33.2989,35.0,28.0,40.0,8.8128,378
GEESEBAL,2015-02-01,3-035,3-035,SAN SIMEON VALLEY,SAN SIMEON VALLEY,21.6481,24.0,10.0,29.0,9.4421,216
GEESEBAL,2015-02-01,2-027,2-027,SAND POINT AREA,SAND POINT AREA,9.633,9.0,4.0,14.0,7.036,20564
GEESEBAL,2015-02-01,1-053,1-053,SANEL VALLEY,SANEL VALLEY,25.0845,25.0,23.0,28.0,4.0397,11812
GEESEBAL,2015-02-01,3-022,3-022,SANTA ANA VALLEY,SANTA ANA VALLEY,31.5626,33.0,23.0,42.0,12.5072,7158
GEESEBAL,2015-02-01,3-017,3-017,SANTA BARBARA,SANTA BARBARA,24.9236,22.0,19.0,30.0,8.4172,694
GEESEBAL,2015-02-01,4-004.05,4-004,SANTA CLARA RIVER VALLEY,SANTA CLARA RIVER VALLEY - FILLMORE,45.4532,47.0,39.0,53.0,10.0289,50120
GEESEBAL,2015-02-01,4-004.03,4-004,SANTA CLARA RIVER VALLEY,SANTA CLARA RIVER VALLEY - MOUND,39.6839,38.0,29.0,50.0,12.1334,9499
GEESEBAL,2015-02-01,4-004.02,4-004,SANTA CLARA RIVER VALLEY,SANTA CLARA RIVER VALLEY - OXNARD,40.5941,40.0,31.0,50.0,11.7751,106697
GEESEBAL,2015-02-01,4-004.06,4-004,SANTA CLARA RIVER VALLEY,SANTA CLARA RIVER VALLEY - PIRU,34.7725,36.0,26.0,44.0,13.3232,23073
GEESEBAL,2015-02-01,4-004.07,4-004,SANTA CLARA RIVER VALLEY,SANTA CLARA RIVER VALLEY - SANTA CLARA RIVER VALLEY EAST,32.5685,31.0,22.0,42.0,13.4436,6807
GEESEBAL,2015-02-01,4-004.04,4-004,SANTA CLARA RIVER VALLEY,SANTA CLARA RIVER VALLEY - SANTA PAULA,38.596,40.0,29.0,49.0,12.7586,40609
GEESEBAL,2015-02-01,2-009.04,2-009,SANTA CLARA VALLEY,SANTA CLARA VALLEY - EAST BAY PLAIN,22.0308,21.0,16.0,28.0,9.0132,2989
GEESEBAL,2015-02-01,2-009.01,2-009,SANTA CLARA VALLEY,SANTA CLARA VALLEY - NILES CONE,22.354,21.0,15.0,29.0,9.3083,1791
GEESEBAL,2015-02-01,2-009.03,2-009,SANTA CLARA VALLEY,SANTA CLARA VALLEY - SAN MATEO PLAIN,24.2614,22.0,15.0,35.0,12.9943,1358
GEESEBAL,2015-02-01,2-009.02,2-009,SANTA CLARA VALLEY,SANTA CLARA VALLEY - SANTA CLARA,26.9064,26.0,20.0,34.0,10.5515,25789
GEESEBAL,2015-02-01,3-001,3-001,SANTA CRUZ MID-COUNTY,SANTA CRUZ MID-COUNTY,30.0661,31.0,20.0,41.0,13.8935,3978
GEESEBAL,2015-02-01,3-027,3-027,SANTA MARGARITA,SANTA MARGARITA,19.849,17.0,5.0,33.0,16.1815,298
GEESEBAL,2015-02-01,9-004,9-004,SANTA MARGARITA VALLEY,SANTA MARGARITA VALLEY,,,,,,0
GEESEBAL,2015-02-01,3-012.02,3-012,SANTA MARIA RIVER VALLEY,SANTA MARIA RIVER VALLEY - ARROYO GRANDE,20.0526,20.0,15.0,25.0,8.0362,6176
GEESEBAL,2015-02-01,3-012.01,3-012,SANTA MARIA RIVER VALLEY,SANTA MARIA RIVER VALLEY - SANTA MARIA,31.8537,30.0,21.0,42.0,14.7776,262686
GEESEBAL,2015-02-01,9-011,9-011,SANTA MARIA VALLEY,SANTA MARIA VALLEY,30.3813,29.0,24.0,35.0,8.6316,3176
GEESEBAL,2015-02-01,6-068,6-068,SANTA ROSA FLAT,SANTA ROSA FLAT,,,,,,0
GEESEBAL,2015-02-01,3-036,3-036,SANTA ROSA VALLEY,SANTA ROSA VALLEY,19.6917,19.0,12.0,27.0,8.9,2744
GEESEBAL,2015-02-01,1-055.02,1-055,SANTA ROSA VALLEY,SANTA ROSA VALLEY - HEALDSBURG AREA,20.1179,20.0,17.0,24.0,4.8254,31401
GEESEBAL,2015-02-01,1-055.03,1-055,SANTA ROSA VALLEY,SANTA ROSA VALLEY - RINCON VALLEY,12.5112,12.0,6.0,18.0,7.7477,581
GEESEBAL,2015-02-01,1-055.01,1-055,SANTA ROSA VALLEY,SANTA ROSA VALLEY - SANTA ROSA PLAIN,21.6863,22.0,18.0,26.0,5.8036,81016
GEESEBAL,2015-02-01,3-015,3-015,SANTA YNEZ RIVER VALLEY,SANTA YNEZ RIVER VALLEY,25.7273,23.0,16.0,35.0,13.3916,118158
GEESEBAL,2015-02-01,1-005,1-005,SCOTT RIVER VALLEY,SCOTT RIVER VALLEY,28.1733,29.0,25.0,32.0,4.8837,147232
GEESEBAL,2015-02-01,5-014,5-014,SCOTTS VALLEY,SCOTTS VALLEY,16.3064,17.0,13.0,19.0,4.9001,7271
GEESEBAL,2015-02-01,6-052,6-052,SEARLES VALLEY,SEARLES VALLEY,,,,,,0
GEESEBAL,2015-02-01,6-100,6-100,SECRET VALLEY,SECRET VALLEY,14.1162,12.0,6.0,20.0,10.6081,12379
GEESEBAL,2015-02-01,1-016,1-016,SEIAD VALLEY,SEIAD VALLEY,25.8329,27.0,22.0,32.0,9.2686,431
GEESEBAL,2015-02-01,8-008,8-008,SEVEN OAKS VALLEY,SEVEN OAKS VALLEY,,,,,,0
GEESEBAL,2015-02-01,1-004,1-004,SHASTA VALLEY,SHASTA VALLEY,19.4921,20.0,15.0,24.0,6.2899,257667
GEESEBAL,2015-02-01,1-042,1-042,SHERWOOD VALLEY,SHERWOOD VALLEY,,,,,,0
GEESEBAL,2015-02-01,5-012.02,5-012,SIERRA VALLEY,SIERRA VALLEY - CHILCOOT,2.5491,2.0,0.0,4.0,3.484,5505
GEESEBAL,2015-02-01,5-012.01,5-012,SIERRA VALLEY,SIERRA VALLEY - SIERRA VALLEY,23.9953,27.0,7.0,37.0,15.114,213275
GEESEBAL,2015-02-01,6-034,6-034,SILVER LAKE VALLEY,SILVER LAKE VALLEY,,,,,,0
GEESEBAL,2015-02-01,4-009,4-009,SIMI VALLEY,SIMI VALLEY,30.5659,31.0,26.0,36.0,7.9445,1297
GEESEBAL,2015-02-01,6-105,6-105,SLINKARD VALLEY,SLINKARD VALLEY,,,,,,0
GEESEBAL,2015-02-01,1-001,1-001,SMITH RIVER PLAIN,SMITH RIVER PLAIN,16.581,17.0,12.0,21.0,6.7391,36362
GEESEBAL,2015-02-01,6-033,6-033,SODA LAKE VALLEY,SODA LAKE VALLEY,,,,,,0
GEESEBAL,2015-02-01,2-037,2-037,SOUTH SAN FRANCISCO,SOUTH SAN FRANCISCO,,,,,,0
GEESEBAL,2015-02-01,6-082,6-082,SPRING CANYON VALLEY,SPRING CANYON VALLEY,,,,,,0
GEESEBAL,2015-02-01,5-089,5-089,SQUAW FLAT,SQUAW FLAT,,,,,,0
GEESEBAL,2015-02-01,5-088,5-088,STONY GORGE RESERVOIR,STONY GORGE RESERVOIR,17.6442,19.0,14.0,22.0,6.6479,964
GEESEBAL,2015-02-01,5-063,5-063,STONYFORD TOWN AREA,STONYFORD TOWN AREA,11.5331,10.0,6.0,16.0,7.1848,3857
GEESEBAL,2015-02-01,2-003,2-003,SUISUN-FAIRFIELD VALLEY,SUISUN-FAIRFIELD VALLEY,32.1994,30.0,22.0,41.0,13.5561,91859
GEESEBAL,2015-02-01,2-011,2-011,SUNOL VALLEY,SUNOL VALLEY,26.846,26.0,18.5,35.0,10.2055,1656
GEESEBAL,2015-02-01,6-049,6-049,SUPERIOR VALLEY,SUPERIOR VALLEY,,,,,,0
GEESEBAL,2015-02-01,6-001,6-001,SURPRISE VALLEY,SURPRISE VALLEY,19.4462,18.0,11.0,27.0,10.4329,234101
GEESEBAL,2015-02-01,6-107,6-107,SWEETWATER FLAT,SWEETWATER FLAT,6.8241,6.0,3.0,10.0,4.9012,324
GEESEBAL,2015-02-01,6-005.03,6-005,TAHOE VALLEY,TAHOE VALLEY - TAHOE NORTH,29.9857,31.0,26.0,35.0,7.0498,210
GEESEBAL,2015-02-01,6-005.01,6-005,TAHOE VALLEY,TAHOE VALLEY - TAHOE SOUTH,20.404,20.0,15.0,25.0,7.47,755
GEESEBAL,2015-02-01,6-005.02,6-005,TAHOE VALLEY,TAHOE VALLEY - TAHOE WEST,20.2398,20.0,17.0,23.0,5.0362,171
GEESEBAL,2015-02-01,6-045,6-045,TEHACHAPI VALLEY EAST,TEHACHAPI VALLEY EAST,6.2953,6.0,5.0,8.0,3.1006,3397
GEESEBAL,2015-02-01,5-028,5-028,TEHACHAPI VALLEY WEST,TEHACHAPI VALLEY WEST,7.1831,7.0,5.0,9.0,3.8978,4533
GEESEBAL,2015-02-01,9-005,9-005,TEMECULA VALLEY,TEMECULA VALLEY,41.225,43.0,35.0,49.0,11.9602,20506
GEESEBAL,2015-02-01,1-040,1-040,TEN MILE RIVER VALLEY,TEN MILE RIVER VALLEY,21.8829,23.0,14.0,28.0,8.4459,205
GEESEBAL,2015-02-01,7-026,7-026,TERWILLIGER VALLEY,TERWILLIGER VALLEY,22.4142,23.0,20.0,25.0,3.2244,169
GEESEBAL,2015-02-01,4-019,4-019,THOUSAND OAKS AREA,THOUSAND OAKS AREA,26.7974,26.0,20.0,32.0,8.6078,385
GEESEBAL,2015-02-01,4-015,4-015,TIERRA REJADA,TIERRA REJADA,28.3631,28.0,22.0,34.0,9.488,4092
GEESEBAL,2015-02-01,5-037,5-037,TOAD WELL AREA,TOAD WELL AREA,,,,,,0
GEESEBAL,2015-02-01,3-040,3-040,TORO VALLEY,TORO VALLEY,27.8324,29.0,23.0,32.0,8.0749,370
GEESEBAL,2015-02-01,6-098,6-098,TULEDAD CANYON VALLEY,TULEDAD CANYON VALLEY,8.5548,8.0,6.0,11.0,3.3824,310
GEESEBAL,2015-02-01,7-010,7-010,TWENTYNINE PALMS VALLEY,TWENTYNINE PALMS VALLEY,28.4444,29.0,23.0,35.0,8.905,747
GEESEBAL,2015-02-01,1-052,1-052,UKIAH VALLEY,UKIAH VALLEY,22.3183,23.0,20.0,25.0,3.9258,43476
GEESEBAL,2015-02-01,6-022,6-022,UPPER KINGSTON VALLEY,UPPER KINGSTON VALLEY,,,,,,0
GEESEBAL,2015-02-01,5-013,5-013,UPPER LAKE VALLEY,UPPER LAKE VALLEY,18.676,19.0,16.0,22.0,4.1381,12412
GEESEBAL,2015-02-01,6-042,6-042,UPPER MOJAVE RIVER VALLEY,UPPER MOJAVE RIVER VALLEY,17.9954,17.0,11.0,24.0,9.606,6748
GEESEBAL,2015-02-01,4-001,4-001,UPPER OJAI VALLEY,UPPER OJAI VALLEY,42.8133,43.0,37.0,50.0,8.5249,3294
GEESEBAL,2015-02-01,3-023,3-023,UPPER SANTA ANA VALLEY,UPPER SANTA ANA VALLEY,28.4286,30.0,26.0,31.0,3.1558,7
GEESEBAL,2015-02-01,8-002.05,8-002,UPPER SANTA ANA VALLEY,UPPER SANTA ANA VALLEY - CAJON,5.8353,4.0,3.0,9.0,3.9073,170
GEESEBAL,2015-02-01,8-002.01,8-002,UPPER SANTA ANA VALLEY,UPPER SANTA ANA VALLEY - CHINO,32.8731,35.0,22.0,43.0,13.3369,29440
GEESEBAL,2015-02-01,8-002.02,8-002,UPPER SANTA ANA VALLEY,UPPER SANTA ANA VALLEY - CUCAMONGA,31.6567,32.0,24.0,42.0,10.5455,670
GEESEBAL,2015-02-01,8-002.04,8-002,UPPER SANTA ANA VALLEY,UPPER SANTA ANA VALLEY - RIALTO-COLTON,16.8252,16.0,10.0,23.0,9.2837,1253
GEESEBAL,2015-02-01,8-002.03,8-002,UPPER SANTA ANA VALLEY,UPPER SANTA ANA VALLEY - RIVERSIDE-ARLINGTON,45.2139,47.0,40.0,52.0,10.3312,13966
GEESEBAL,2015-02-01,8-002.06,8-002,UPPER SANTA ANA VALLEY,UPPER SANTA ANA VALLEY - SAN BERNARDINO,37.1481,41.0,27.0,48.0,13.7301,15552
GEESEBAL,2015-02-01,8-002.08,8-002,UPPER SANTA ANA VALLEY,UPPER SANTA ANA VALLEY - SAN TIMOTEO,35.1433,39.0,29.0,44.0,12.7967,4667
GEESEBAL,2015-02-01,8-002.09,8-002,UPPER SANTA ANA VALLEY,UPPER SANTA ANA VALLEY - TEMESCAL,34.5077,36.0,29.0,41.0,8.6367,845
GEESEBAL,2015-02-01,8-002.07,8-002,UPPER SANTA ANA VALLEY,UPPER SANTA ANA VALLEY - YUCAIPA,24.3244,22.0,11.0,36.0,15.6221,2858
GEESEBAL,2015-02-01,7-028,7-028,VALLECITO-CARRIZO VALLEY,VALLECITO-CARRIZO VALLEY,,,,,,0
GEESEBAL,2015-02-01,5-071,5-071,VALLECITOS CREEK VALLEY,VALLECITOS CREEK VALLEY,,,,,,0
GEESEBAL,2015-02-01,7-063,7-063,VANDEVENTER FLAT,VANDEVENTER FLAT,,,,,,0
GEESEBAL,2015-02-01,4-003.02,4-003,VENTURA RIVER VALLEY,VENTURA RIVER VALLEY - LOWER VENTURA RIVER,33.5855,30.0,22.0,48.0,15.2022,1771
GEESEBAL,2015-02-01,4-003.01,4-003,VENTURA RIVER VALLEY,VENTURA RIVER VALLEY - UPPER VENTURA RIVER,43.4704,44.0,39.0,49.0,8.2308,2300
GEESEBAL,2015-02-01,7-042,7-042,VIDAL VALLEY,VIDAL VALLEY,,,,,,0
GEESEBAL,2015-02-01,3-037,3-037,VILLA VALLEY,VILLA VALLEY,21.1827,22.0,17.0,25.0,7.1471,854
GEESEBAL,2015-02-01,2-032,2-032,VISITACION VALLEY,VISITACION VALLEY,19.5169,18.0,9.0,30.0,13.7102,178
GEESEBAL,2015-02-01,5-026,5-026,WALKER BASIN CREEK VALLEY,WALKER BASIN CREEK VALLEY,12.7046,8.0,5.0,20.0,11.3193,6387
GEESEBAL,2015-02-01,7-003,7-003,WARD VALLEY,WARD VALLEY,,,,,,0
GEESEBAL,2015-02-01,9-008,9-008,WARNER VALLEY,WARNER VALLEY,41.2915,41.0,36.0,45.0,7.0646,343
GEESEBAL,2015-02-01,7-012,7-012,WARREN VALLEY,WARREN VALLEY,24.449,27.0,16.0,32.0,10.5276,343
GEESEBAL,2015-02-01,1-031,1-031,WEOTT TOWN AREA,WEOTT TOWN AREA,28.5143,28.0,26.0,31.0,4.4362,523
GEESEBAL,2015-02-01,7-022,7-022,WEST SALTON SEA,WEST SALTON SEA,,,,,,0
GEESEBAL,2015-02-01,3-026,3-026,WEST SANTA CRUZ TERRACE,WEST SANTA CRUZ TERRACE,23.3452,23.0,17.0,31.0,9.6796,1599
GEESEBAL,2015-02-01,2-035,2-035,WESTSIDE,WESTSIDE,24.7834,26.0,14.0,36.0,14.3674,3808
GEESEBAL,2015-02-01,6-073,6-073,WILD HORSE MESA AREA,WILD HORSE MESA AREA,,,,,,0
GEESEBAL,2015-02-01,6-075,6-075,WILDROSE CANYON,WILDROSE CANYON,,,,,,0
GEESEBAL,2015-02-01,1-043,1-043,WILLIAMS VALLEY,WILLIAMS VALLEY,28.1856,29.0,26.0,32.0,5.7083,485
GEESEBAL,2015-02-01,6-003,6-003,WILLOW CREEK VALLEY,WILLOW CREEK VALLEY,23.8206,23.0,19.0,28.0,8.2112,26463
GEESEBAL,2015-02-01,1-059,1-059,WILSON GROVE FORMATION HIGHLANDS,WILSON GROVE FORMATION HIGHLANDS,16.5643,17.0,11.0,22.0,7.6529,70598
GEESEBAL,2015-02-01,1-062,1-062,WILSON POINT AREA,WILSON POINT AREA,31.0,31.0,30.0,32.0,1.7638,9
GEESEBAL,2015-02-01,6-019,6-019,WINGATE VALLEY,WINGATE VALLEY,,,,,,0
GEESEBAL,2015-02-01,7-056,7-056,YAQUI WELL AREA,YAQUI WELL AREA,,,,,,0
GEESEBAL,2015-02-01,5-056,5-056,YELLOW CREEK VALLEY,YELLOW CREEK VALLEY,29.5465,29.0,25.0,34.0,6.0874,5861
GEESEBAL,2015-02-01,2-006,2-006,YGNACIO VALLEY,YGNACIO VALLEY,22.9062,24.0,17.0,30.0,10.1225,405
GEESEBAL,2015-02-01,5-069,5-069,YOSEMITE VALLEY,YOSEMITE VALLEY,,,,,,0
GEESEBAL,2015-02-01,7-036,7-036,YUMA VALLEY,YUMA VALLEY,60.6788,62.0,50.0,73.0,17.1585,66610
